100
0.314572 0.84189
0.228639 0.354534
0.576354 0.289029
0.462379 0.532596
0.528822 0.00141396
0.273118 0.935388
0.221846 0.50391
0.211235 0.633682
0.604144 0.582699
0.424887 0.520666
0.272771 0.86508
0.159072 0.533065
0.327181 0.94637
0.693547 0.838734
0.353336 0.446583
0.36804 0.94389
0.300318 0.669766
0.212439 0.250922
0.941968 0.662831
0.219511 0.916203
0.321067 0.261323
0.901844 0.377648
0.899854 0.163546
0.787877 0.265612
0.982752 0.306785
0.0535654 0.783411
0.45849 0.959636
0.180468 0.943396
0.492109 0.220136
0.269971 0.390478
0.0447841 0.241175
0.644591 0.0256878
0.318693 0.886428
0.0306739 0.444097
0.173988 0.0018173
0.591955 0.204964
0.678154 0.577212
0.398567 0.893304
0.693547 0.343097
0.93019 0.372587
0.710026 0.286414
0.298526 0.0755381
0.864924 0.675541
0.159369 0.383716
0.648532 0.251315
0.398923 0.688257
0.718967 0.565955
0.814892 0.242884
0.350222 0.109215
0.841381 0.0770188
0.293401 0.742377
0.818766 0.844008
0.314572 0.965733
0.272771 0.0242992
0.222463 0.873121
0.691004 0.0588589
0.148628 0.377306
0.404983 0.857378
0.871695 0.695567
0.846476 0.00275508
0.327181 0.680059
0.841381 0.136715
0.45936 0.652488
0.576354 0.0731155
0.882585 0.761364
0.373038 0.618195
0.0670302 0.393063
0.260843 0.302829
0.212439 0.885895
0.415451 0.701625
0.64361 0.753553
0.176413 0.93218
0.661939 0.253581
0.479477 0.218142
0.860514 0.0186974
0.891495 0.498198
0.0656438 0.913508
0.739699 0.65127
0.693547 0.559329
0.661939 0.0474125
0.877693 0.0593687
0.603616 0.548707
0.761548 0.405009
0.603616 0.531628
0.742634 0.255986
0.125251 0.484634
0.93556 0.809432
0.337662 0.387477
0.909648 0.472845
0.774675 0.376551
0.304657 0.15186
0.00742826 0.5166
0.396465 0.840485
0.0155828 0.58409
0.93019 0.455091
0.824465 0.390612
0.31953 0.211435
0.600855 0.608716
0.350222 0.192694
0.93019 0.876308
