1000
0.623838 0.927840
0.168030 0.549596
0.280777 0.714184
0.240930 0.756757
0.530638 0.398649
0.699581 0.427910
0.750385 0.205912
0.586940 0.152452
0.266347 0.720628
0.075806 0.206248
0.733038 0.623803
0.588405 0.416823
0.535004 0.815031
0.246755 0.580188
0.341137 0.838353
0.471237 0.835862
0.199656 0.202338
0.694192 0.595054
0.852022 0.139110
0.836040 0.586763
0.265314 0.582356
0.403328 0.337482
0.735157 0.661002
0.811273 0.932445
0.295076 0.803055
0.807777 0.219822
0.583170 0.623223
0.681582 0.713997
0.763325 0.128294
0.274106 0.330034
0.575682 0.415829
0.682693 0.738683
0.099905 0.964588
0.942421 0.569722
0.354806 0.819220
0.904269 0.911182
0.429178 0.457078
0.989360 0.552981
0.441241 0.891642
0.492158 0.205695
0.257876 0.614864
0.629931 0.488697
0.569863 0.309880
0.591416 0.826605
0.615655 0.875845
0.424581 0.518967
0.573710 0.198292
0.721517 0.155323
0.402245 0.271232
0.707902 0.236287
0.695276 0.731339
0.525170 0.330981
0.945113 0.599892
0.205399 0.352171
0.454024 0.044776
0.082128 0.562641
0.021549 0.272667
0.154701 0.739856
0.449014 0.240648
0.229413 0.520657
0.849061 0.736841
0.497647 0.323739
0.725554 0.521255
0.579350 0.404860
0.798015 0.640891
0.959622 0.538226
0.584789 0.737242
0.176827 0.537221
0.830398 0.149703
0.082590 0.328618
0.965127 0.884968
0.987178 0.576639
0.918627 0.070386
0.528185 0.916718
0.774404 0.338310
0.656106 0.703522
0.948307 0.698855
0.217306 0.803800
0.801711 0.850061
0.233039 0.371809
0.858843 0.547329
0.122597 0.733597
0.087766 0.608074
0.799336 0.476092
0.025806 0.362916
0.780225 0.587973
0.882757 0.881315
0.192745 0.031496
0.138978 0.097418
0.837370 0.437925
0.570553 0.040973
0.269522 0.713971
0.079953 0.738537
0.201822 0.222578
0.188190 0.991789
0.395606 0.858655
0.553236 0.162617
0.610094 0.778823
0.419538 0.298757
0.108277 0.763952
0.474710 0.419094
0.680469 0.194267
0.192062 0.544360
0.139685 0.399009
0.371403 0.106799
0.767364 0.706132
0.255569 0.701481
0.243663 0.862214
0.296458 0.752282
0.183443 0.618776
0.371863 0.557174
0.517231 0.188395
0.013192 0.350298
0.605866 0.962487
0.994204 0.472411
0.158193 0.352373
0.452179 0.476626
0.733088 0.866198
0.565480 0.013005
0.850246 0.566511
0.695244 0.633369
0.508617 0.866794
0.814002 0.236831
0.216984 0.219938
0.990280 0.736889
0.478133 0.627660
0.675820 0.672517
0.036226 0.057078
0.550794 0.908549
0.096369 0.789116
0.722476 0.274762
0.156068 0.443170
0.144087 0.978390
0.050173 0.923418
0.223088 0.891430
0.304048 0.814402
0.721979 0.361933
0.914152 0.816960
0.219692 0.027583
0.230863 0.660349
0.597981 0.220229
0.705295 0.552344
0.244718 0.941602
0.880014 0.636342
0.924816 0.063346
0.152995 0.112974
0.559536 0.358561
0.524798 0.653447
0.476207 0.207416
0.750871 0.482827
0.042960 0.336003
0.064058 0.043691
0.986827 0.745429
0.906787 0.464054
0.108625 0.067281
0.918087 0.148208
0.554324 0.941908
0.757499 0.685081
0.280132 0.657609
0.216101 0.925953
0.857324 0.211629
0.464300 0.521848
0.302885 0.157994
0.216674 0.430634
0.193319 0.092551
0.056106 0.904856
0.921513 0.392193
0.152567 0.253537
0.590349 0.873092
0.136367 0.234674
0.701781 0.361859
0.941321 0.279875
0.496378 0.783930
0.020207 0.878556
0.525909 0.265027
0.453055 0.356346
0.800275 0.914466
0.118221 0.970839
0.640197 0.413100
0.276856 0.717528
0.188307 0.264122
0.633312 0.489762
0.383860 0.581488
0.177166 0.268785
0.090051 0.588612
0.886984 0.833372
0.977986 0.579063
0.681585 0.073341
0.717618 0.951361
0.841503 0.367168
0.003517 0.071571
0.491486 0.641163
0.952120 0.140215
0.634315 0.666151
0.447164 0.944182
0.656848 0.867326
0.081262 0.359603
0.191153 0.423913
0.444162 0.738307
0.706725 0.717508
0.641981 0.858307
0.234212 0.251449
0.096766 0.947856
0.176738 0.008272
0.872027 0.402998
0.251815 0.838326
0.997398 0.210091
0.225015 0.879790
0.524409 0.757691
0.245975 0.198877
0.335357 0.676222
0.277976 0.808672
0.048585 0.579275
0.324254 0.976077
0.715982 0.096913
0.897364 0.258544
0.392336 0.389278
0.452324 0.025741
0.071197 0.407843
0.309943 0.316048
0.928199 0.532024
0.933646 0.753731
0.290322 0.850492
0.291259 0.909901
0.258385 0.279326
0.432665 0.928795
0.450069 0.913296
0.344865 0.460690
0.902085 0.491892
0.607926 0.943714
0.772631 0.628328
0.368436 0.059034
0.119061 0.497582
0.671526 0.747411
0.690755 0.008674
0.248155 0.519798
0.373436 0.096680
0.441297 0.920673
0.648732 0.661644
0.072800 0.909993
0.191594 0.854339
0.702138 0.618148
0.518174 0.862986
0.908915 0.398027
0.418086 0.090348
0.942892 0.349262
0.757524 0.627249
0.328500 0.521965
0.123449 0.226389
0.785180 0.820733
0.694171 0.559467
0.130590 0.224445
0.667855 0.400927
0.670596 0.313314
0.558101 0.523297
0.948166 0.251925
0.674481 0.511894
0.622672 0.315441
0.145971 0.410795
0.681778 0.765890
0.916523 0.097335
0.150017 0.386431
0.244530 0.548959
0.951297 0.263705
0.371748 0.714149
0.607032 0.471887
0.192279 0.528215
0.007203 0.156741
0.948486 0.725105
0.578622 0.143978
0.208283 0.487996
0.792808 0.603459
0.636991 0.654268
0.105288 0.489225
0.367042 0.144564
0.098834 0.445086
0.090047 0.521011
0.815027 0.616483
0.348325 0.096243
0.001731 0.341545
0.886755 0.812757
0.278439 0.007745
0.340869 0.191207
0.027167 0.455306
0.983377 0.006606
0.153436 0.184442
0.728862 0.992994
0.730074 0.280800
0.105176 0.800013
0.935982 0.411888
0.440101 0.628881
0.632666 0.467058
0.083126 0.460664
0.383246 0.414531
0.084741 0.556300
0.711838 0.731235
0.389423 0.955713
0.925591 0.324659
0.263541 0.032436
0.877348 0.210669
0.375691 0.770530
0.633802 0.337225
0.674507 0.322167
0.132186 0.851130
0.967792 0.577121
0.557950 0.793445
0.896843 0.929498
0.356541 0.678930
0.821144 0.162375
0.504313 0.665822
0.981119 0.387661
0.906771 0.054528
0.190461 0.276292
0.566746 0.667251
0.224552 0.393017
0.470781 0.255306
0.017810 0.310355
0.978918 0.456875
0.760320 0.317926
0.871219 0.985153
0.992900 0.966189
0.103814 0.665325
0.839802 0.387744
0.757882 0.658541
0.589507 0.324682
0.626914 0.712027
0.936662 0.057098
0.380769 0.556714
0.331936 0.975704
0.269447 0.637205
0.051671 0.370597
0.885148 0.203679
0.795438 0.118596
0.588139 0.421259
0.847190 0.343135
0.820073 0.559631
0.094473 0.793582
0.677849 0.514161
0.490195 0.644942
0.801748 0.879485
0.862742 0.654246
0.843507 0.547533
0.332782 0.126543
0.523141 0.334160
0.978874 0.941257
0.557756 0.452052
0.809030 0.968775
0.551251 0.742276
0.541699 0.567474
0.270707 0.452854
0.177144 0.493020
0.603455 0.009924
0.848991 0.474594
0.888209 0.665580
0.985780 0.916817
0.244308 0.126154
0.383597 0.671511
0.985049 0.265727
0.393459 0.589998
0.194234 0.811852
0.060861 0.614527
0.069479 0.453960
0.719973 0.496510
0.691496 0.169649
0.241243 0.839575
0.465476 0.690032
0.858698 0.057089
0.598852 0.932527
0.262046 0.006619
0.629155 0.917989
0.428702 0.517918
0.196318 0.158770
0.492146 0.766374
0.965722 0.755291
0.795584 0.460450
0.851419 0.470932
0.163645 0.109515
0.463387 0.868524
0.339912 0.217540
0.008360 0.186454
0.484343 0.108519
0.710637 0.008354
0.602209 0.231040
0.187509 0.937611
0.784944 0.212309
0.113281 0.426368
0.183351 0.636024
0.936599 0.628430
0.704890 0.503842
0.377660 0.646484
0.529317 0.606789
0.925058 0.826235
0.670740 0.580814
0.576452 0.813557
0.979175 0.249791
0.622875 0.935487
0.171001 0.969620
0.363449 0.091854
0.705228 0.078678
0.255403 0.751565
0.581305 0.232740
0.153738 0.836058
0.424207 0.356563
0.975512 0.242144
0.543854 0.179702
0.335674 0.507440
0.008435 0.840715
0.444489 0.653834
0.155022 0.841775
0.831064 0.557873
0.375858 0.714797
0.263102 0.291729
0.465043 0.120552
0.569959 0.754333
0.287847 0.743830
0.944225 0.569527
0.043665 0.270578
0.696466 0.666547
0.933695 0.937027
0.368437 0.177870
0.615695 0.626183
0.571982 0.290448
0.430688 0.253660
0.913998 0.468571
0.020338 0.232670
0.892266 0.030083
0.618678 0.137110
0.702607 0.402379
0.998231 0.292014
0.484735 0.510643
0.778057 0.912258
0.652349 0.657931
0.560077 0.583240
0.602414 0.945263
0.150038 0.331381
0.279245 0.749559
0.940799 0.267619
0.780933 0.028246
0.388143 0.803694
0.438796 0.251605
0.393100 0.738852
0.574974 0.577378
0.319824 0.093712
0.448938 0.476898
0.324352 0.428392
0.740588 0.397981
0.647094 0.523572
0.285817 0.207041
0.530716 0.726059
0.679774 0.091361
0.465103 0.964481
0.793780 0.322189
0.532386 0.426113
0.213733 0.780311
0.727544 0.152446
0.100995 0.427944
0.263892 0.358926
0.001208 0.974325
0.037809 0.113438
0.682101 0.827043
0.623332 0.118424
0.168302 0.047175
0.394794 0.733146
0.759308 0.433495
0.634474 0.045451
0.966199 0.049512
0.772259 0.756488
0.983332 0.476810
0.225608 0.877205
0.523173 0.829144
0.660656 0.752013
0.585587 0.093985
0.879068 0.722907
0.007314 0.681648
0.950319 0.826378
0.443039 0.156911
0.655327 0.275864
0.766358 0.003973
0.784942 0.124032
0.747120 0.932838
0.345569 0.422073
0.261037 0.673694
0.264226 0.397281
0.218112 0.425574
0.756654 0.655529
0.858356 0.126564
0.124622 0.181878
0.056419 0.495057
0.382358 0.960387
0.801197 0.355023
0.777069 0.363301
0.072105 0.102974
0.964830 0.070146
0.920660 0.300333
0.330627 0.168870
0.684142 0.282065
0.700142 0.263994
0.907554 0.360979
0.480924 0.870870
0.730736 0.676783
0.091847 0.110485
0.209422 0.989991
0.392314 0.735822
0.282169 0.752958
0.706463 0.818701
0.869541 0.603865
0.952649 0.005064
0.897542 0.024123
0.334774 0.107049
0.874267 0.275714
0.029589 0.941809
0.016836 0.892161
0.312857 0.749852
0.825160 0.935321
0.607329 0.229813
0.429693 0.949925
0.006751 0.211896
0.002275 0.048741
0.932680 0.258836
0.012325 0.843492
0.714665 0.031086
0.135039 0.000117
0.049382 0.082028
0.173957 0.041700
0.490629 0.859360
0.447111 0.648360
0.349574 0.080415
0.704209 0.110634
0.643508 0.322025
0.791639 0.781349
0.021321 0.619627
0.962826 0.340709
0.915270 0.105678
0.943312 0.440312
0.521102 0.234041
0.603157 0.824010
0.592419 0.934849
0.363621 0.337041
0.450170 0.123471
0.270797 0.329544
0.054506 0.347536
0.005732 0.836594
0.463687 0.997588
0.968790 0.574064
0.513618 0.429791
0.975371 0.228153
0.091539 0.553204
0.030807 0.736112
0.948748 0.919500
0.114144 0.256673
0.599743 0.119595
0.893698 0.310950
0.488962 0.339529
0.821677 0.138001
0.271349 0.257002
0.110829 0.654026
0.749258 0.070373
0.682998 0.530105
0.735737 0.343475
0.297610 0.810631
0.873037 0.522491
0.717563 0.183074
0.225227 0.435224
0.950617 0.479409
0.285073 0.818448
0.316329 0.240555
0.887899 0.935614
0.331720 0.207374
0.408912 0.645062
0.183284 0.415262
0.535538 0.857976
0.858615 0.164090
0.852585 0.185668
0.847835 0.511235
0.455596 0.717387
0.693174 0.092663
0.816550 0.292697
0.564471 0.015493
0.166092 0.336571
0.469017 0.285220
0.727778 0.310693
0.666095 0.731737
0.242353 0.101079
0.349708 0.680509
0.353870 0.209945
0.687436 0.678770
0.594493 0.448907
0.858987 0.431289
0.901127 0.940879
0.824954 0.726275
0.824545 0.629707
0.174442 0.539171
0.850474 0.169374
0.549631 0.690619
0.542153 0.018743
0.826029 0.404546
0.535142 0.803151
0.439064 0.863337
0.767725 0.520755
0.990838 0.389283
0.714020 0.969402
0.545267 0.194944
0.801957 0.848884
0.825524 0.739829
0.644576 0.353796
0.864575 0.606743
0.190629 0.713810
0.527801 0.468386
0.409261 0.061042
0.726082 0.153281
0.663589 0.208271
0.068410 0.039805
0.499291 0.407149
0.164987 0.008102
0.176822 0.922105
0.784953 0.961868
0.909731 0.303543
0.597278 0.495468
0.436512 0.572982
0.279030 0.626604
0.249771 0.143199
0.362156 0.640685
0.534008 0.187974
0.308046 0.000304
0.622099 0.348944
0.948596 0.961713
0.570599 0.121130
0.613130 0.009876
0.275301 0.994088
0.972461 0.474696
0.400993 0.442202
0.874544 0.723216
0.283162 0.155532
0.220567 0.136076
0.874431 0.481679
0.236011 0.671237
0.754799 0.909526
0.328118 0.193955
0.202307 0.567295
0.089353 0.909220
0.329515 0.130208
0.905901 0.171347
0.331242 0.237154
0.060848 0.665136
0.960300 0.501108
0.183661 0.453987
0.450479 0.464643
0.390718 0.672600
0.239859 0.399753
0.486050 0.705344
0.012528 0.680269
0.147150 0.536117
0.773102 0.565536
0.107572 0.581509
0.895969 0.625600
0.966258 0.726269
0.349976 0.711010
0.402910 0.468600
0.589301 0.324449
0.259389 0.052498
0.922566 0.486752
0.159067 0.215339
0.524761 0.706464
0.079181 0.711152
0.640357 0.459966
0.565693 0.083476
0.941012 0.668274
0.085782 0.256442
0.447573 0.016972
0.350045 0.388693
0.903605 0.607363
0.304632 0.091965
0.996488 0.349741
0.892947 0.554662
0.362124 0.713809
0.617221 0.330452
0.880634 0.936630
0.392186 0.552902
0.372920 0.555054
0.176215 0.119403
0.441787 0.177481
0.389735 0.951096
0.866338 0.738862
0.186374 0.780254
0.654661 0.093226
0.229209 0.042529
0.587349 0.689618
0.742658 0.358738
0.843202 0.250167
0.259972 0.779287
0.088483 0.823129
0.666929 0.434102
0.232392 0.319082
0.854284 0.481896
0.903979 0.655071
0.534649 0.284820
0.589468 0.929316
0.553914 0.548037
0.284055 0.628258
0.333001 0.758479
0.458471 0.728004
0.912605 0.633010
0.118205 0.693873
0.441809 0.443479
0.742012 0.804598
0.850810 0.024582
0.926420 0.931817
0.878694 0.990208
0.634187 0.890845
0.589110 0.184905
0.047261 0.745350
0.999841 0.679347
0.158520 0.996361
0.476699 0.682127
0.401663 0.415160
0.097819 0.584968
0.814866 0.389986
0.281369 0.984383
0.461401 0.048022
0.587822 0.930071
0.089159 0.087049
0.757377 0.838796
0.301104 0.205212
0.723769 0.482221
0.829924 0.252711
0.557620 0.208164
0.862738 0.745826
0.035654 0.086944
0.745456 0.181544
0.806509 0.987981
0.811461 0.670151
0.929548 0.686535
0.525569 0.763496
0.899962 0.976443
0.611741 0.998264
0.141675 0.421934
0.341830 0.596402
0.348905 0.820106
0.702677 0.968997
0.987957 0.665327
0.730168 0.155199
0.732709 0.907849
0.901385 0.094439
0.600427 0.081126
0.109786 0.677997
0.078946 0.435789
0.413398 0.855114
0.591940 0.062996
0.442263 0.679162
0.235893 0.115818
0.078957 0.071012
0.840568 0.144563
0.784761 0.249576
0.054171 0.250412
0.734110 0.233610
0.335083 0.231480
0.741247 0.554214
0.443933 0.146364
0.815526 0.334054
0.272959 0.752500
0.065625 0.187215
0.624017 0.090104
0.587930 0.972648
0.852266 0.077206
0.920695 0.294582
0.129449 0.357262
0.623058 0.784812
0.448892 0.798063
0.546841 0.624685
0.393720 0.979121
0.409054 0.468662
0.120477 0.724449
0.344351 0.916711
0.972239 0.238633
0.219193 0.949375
0.628481 0.686308
0.623283 0.287223
0.723364 0.118635
0.618863 0.465479
0.419782 0.495102
0.524774 0.524985
0.513416 0.174940
0.239683 0.612252
0.259211 0.659695
0.867707 0.454207
0.262095 0.556937
0.699687 0.627349
0.454444 0.704848
0.924636 0.776361
0.394689 0.148385
0.798472 0.453853
0.864635 0.189962
0.380878 0.050740
0.017487 0.051031
0.366213 0.365876
0.134212 0.775738
0.980678 0.723900
0.382812 0.883719
0.395452 0.191878
0.843238 0.936408
0.614354 0.368143
0.460063 0.619652
0.334571 0.420865
0.515747 0.165181
0.850324 0.539214
0.679186 0.934449
0.671856 0.726609
0.677448 0.770584
0.165929 0.913345
0.162975 0.287673
0.189052 0.695063
0.404224 0.611330
0.380950 0.613815
0.014611 0.210460
0.513321 0.790111
0.052810 0.367384
0.047729 0.887187
0.476840 0.521934
0.846502 0.842819
0.115077 0.194882
0.801806 0.539365
0.029205 0.447038
0.000598 0.599340
0.387311 0.862549
0.926964 0.791634
0.739729 0.858462
0.118361 0.112636
0.895905 0.717286
0.638602 0.466845
0.437468 0.115301
0.707927 0.013156
0.270865 0.076573
0.839337 0.665885
0.522318 0.221114
0.870361 0.943647
0.508535 0.895349
0.350741 0.344614
0.478513 0.274038
0.849060 0.693240
0.314953 0.805019
0.875115 0.451395
0.408189 0.431610
0.279883 0.815976
0.471238 0.872255
0.191217 0.535393
0.151446 0.862951
0.770946 0.768921
0.912418 0.675235
0.337843 0.985801
0.809293 0.410981
0.690965 0.855027
0.461106 0.544986
0.789162 0.312135
0.735903 0.937302
0.295068 0.505907
0.407420 0.069484
0.875727 0.125760
0.316563 0.572425
0.566973 0.689662
0.376579 0.208157
0.955051 0.732817
0.097745 0.343976
0.406441 0.478926
0.175541 0.614474
0.085668 0.498682
0.085690 0.905562
0.040919 0.064293
0.560135 0.014244
0.208571 0.394134
0.279913 0.338934
0.790261 0.748264
0.114052 0.737301
0.089952 0.383380
0.758050 0.252104
0.563449 0.704884
0.681132 0.750230
0.529132 0.564093
0.878428 0.646090
0.716214 0.540221
0.042334 0.787786
0.585598 0.219620
0.416790 0.272921
0.148469 0.938848
0.778807 0.430654
0.829048 0.193520
0.703559 0.457579
0.770442 0.931467
0.512456 0.227233
0.866358 0.246581
0.078069 0.606522
0.716446 0.568861
0.965429 0.207064
0.649364 0.306476
0.226143 0.875444
0.935159 0.037300
0.529907 0.383587
0.317380 0.770218
0.217456 0.718939
0.035351 0.500578
0.289618 0.093875
0.578347 0.269565
0.309058 0.294716
0.515932 0.203823
0.684486 0.272991
0.882523 0.559533
0.831485 0.945018
0.759265 0.624253
0.259804 0.010640
0.892627 0.440169
0.723857 0.227914
0.416612 0.704012
0.191351 0.987762
0.004327 0.871752
0.534363 0.221111
0.064644 0.450268
0.527857 0.640723
0.920999 0.693568
0.952554 0.070941
0.261921 0.437703
0.342217 0.150766
0.536644 0.606411
0.189837 0.009185
0.384228 0.998572
0.232867 0.606374
0.630880 0.328984
0.774575 0.310390
0.867701 0.135478
0.866720 0.936198
0.129918 0.088339
0.578218 0.912328
0.738623 0.442016
0.505079 0.460218
0.937417 0.854519
0.138849 0.672260
0.558816 0.566457
0.703925 0.156775
0.589132 0.979560
0.598560 0.481663
0.165525 0.003604
0.629988 0.993149
0.235261 0.151007
0.821073 0.712068
0.834704 0.250002
0.684005 0.917326
0.704398 0.820094
0.505993 0.714672
0.746608 0.607644
0.372584 0.358621
0.652991 0.514766
0.366122 0.346378
0.882598 0.171324
0.620060 0.334797
0.054218 0.697662
0.684218 0.744921
0.732068 0.784812
0.961765 0.513359
0.530191 0.079261
0.815621 0.825732
0.438393 0.000990
0.310110 0.824657
0.281384 0.546304
0.453149 0.223200
0.262817 0.331114
0.234891 0.474469
0.617195 0.115675
0.720665 0.648987
0.495171 0.318351
0.949225 0.453712
0.341553 0.573895
0.411724 0.890054
0.190343 0.220761
0.442508 0.892949
0.497473 0.712374
0.939709 0.919053
0.359389 0.338860
0.451829 0.859325
0.224462 0.318580
0.815860 0.839738
0.494216 0.272944
0.213217 0.443619
0.732687 0.333297
0.721601 0.640053
0.554713 0.645307
0.184149 0.235041
0.647809 0.834100
0.491573 0.975565
0.797260 0.072524
0.178710 0.531448
0.230393 0.755236
0.573778 0.455870
0.073515 0.422956
0.606823 0.882622
0.223790 0.504034
0.783245 0.156666
0.478373 0.644618
0.758951 0.814286
0.334409 0.884031
0.415616 0.330112
0.476027 0.698590
0.327669 0.830484
