500
0.611319 0.84189
0.687697 0.753721
0.556151 0.874418
0.462379 0.532596
0.3905 0.312149
0.130567 0.0400343
0.221846 0.50391
0.76044 0.618569
0.282764 0.107827
0.803228 0.865183
0.237508 0.566043
0.2865 0.94732
0.3905 0.443388
0.3905 0.280093
0.844976 0.301014
0.941504 0.137884
0.438435 0.757113
0.228644 0.250922
0.268218 0.500766
0.664521 0.117867
0.657928 0.137505
0.212439 0.0117818
0.525811 0.717892
0.787877 0.265612
0.7491 0.419331
0.166723 0.400849
0.234694 0.714819
0.0426217 0.379912
0.492109 0.220136
0.154755 0.41119
0.279107 0.656781
0.013841 0.923707
0.318693 0.886428
0.217864 0.271997
0.173988 0.0018173
0.610952 0.560339
0.28958 0.983661
0.563884 0.88694
0.280004 0.459426
0.832019 0.372587
0.710026 0.286414
0.873166 0.470136
0.406285 0.743083
0.611236 0.555519
0.298733 0.528771
0.398923 0.688257
0.123973 0.235709
0.814892 0.242884
0.757048 0.109215
0.531614 0.251597
0.483788 0.217734
0.885293 0.563165
0.215319 0.337177
0.236023 0.694865
0.119098 0.0205478
0.691004 0.0588589
0.264842 0.884078
0.269817 0.475689
0.664677 0.0483878
0.25098 0.256496
0.519206 0.930932
0.533507 0.664736
0.374567 0.217496
0.893585 0.958708
0.273252 0.983986
0.661961 0.868516
0.729576 0.806316
0.173774 0.494306
0.350289 0.618333
0.415451 0.701625
0.0329271 0.878691
0.441184 0.119022
0.121735 0.981544
0.181444 0.964765
0.699704 0.171297
0.891495 0.498198
0.0656438 0.913508
0.273791 0.259858
0.751784 0.620533
0.89664 0.134073
0.877693 0.0593687
0.270061 0.548707
0.761548 0.405009
0.456686 0.0976736
0.846274 0.824898
0.125251 0.484634
0.811368 0.880436
0.94771 0.429455
0.909648 0.472845
0.774675 0.376551
0.304657 0.15186
0.00742826 0.5166
0.396465 0.840485
0.409461 0.251855
0.820093 0.520502
0.201831 0.468824
0.218579 0.0256868
0.600855 0.608716
0.350222 0.192694
0.705702 0.437826
0.879013 0.396302
0.411565 0.507467
0.898547 0.253581
0.0333464 0.664506
0.701252 0.20755
0.94813 0.0303669
0.140441 0.847326
0.576676 0.777602
0.43712 0.791227
0.905013 0.437309
0.424887 0.520666
0.151974 0.705018
0.560538 0.607243
0.802138 0.0602741
0.414558 0.856863
0.337662 0.387477
0.953803 0.882386
0.314658 0.455114
0.00112771 0.107099
0.604144 0.582699
0.0296646 0.203962
0.461421 0.394094
0.324021 0.86508
0.864924 0.675541
0.938332 0.326204
0.779951 0.76275
0.426137 0.494295
0.629595 0.831962
0.576755 0.982178
0.487379 0.910375
0.182369 0.567805
0.253307 0.307065
0.339061 0.537427
0.678154 0.577212
0.398567 0.893304
0.632939 0.654157
0.941968 0.662831
0.776733 0.215191
0.455336 0.285268
0.808005 0.797347
0.900113 0.345172
0.669975 0.928713
0.693547 0.838734
0.129137 0.928666
0.729957 0.842566
0.742842 0.273892
0.154435 0.726635
0.781735 0.80192
0.943221 0.136715
0.00534743 0.609284
0.479477 0.218142
0.060628 0.205744
0.882585 0.761364
0.66041 0.754092
0.528822 0.00141396
0.64361 0.753553
0.373038 0.618195
0.92865 0.424934
0.258443 0.202764
0.203505 0.325599
0.79365 0.112856
0.336267 0.844593
0.848401 0.128037
0.272771 0.0242992
0.661939 0.0474125
0.432815 0.717982
0.593408 0.397863
0.402647 0.904394
0.00990359 0.966803
0.52883 0.519475
0.0799887 0.164529
0.0805701 0.477215
0.85758 0.343097
0.989525 0.797121
0.422895 0.565923
0.284898 0.292724
0.480203 0.644941
0.689696 0.155395
0.631497 0.57814
0.702475 0.258223
0.927616 0.878197
0.964634 0.643953
0.0535654 0.783411
0.617929 0.955448
0.119098 0.223888
0.80343 0.79957
0.0300533 0.640343
0.576354 0.289029
0.644591 0.0256878
0.0729422 0.430979
0.920418 0.674266
0.573114 0.280716
0.0675788 0.164903
0.703291 0.431371
0.125142 0.0523866
0.960615 0.942083
0.855262 0.289413
0.947253 0.739052
0.15899 0.389521
0.0998819 0.732324
0.943027 0.710585
0.693666 0.48266
0.799276 0.49539
0.629595 0.731087
0.877791 0.631462
0.412267 0.102516
0.814977 0.0486143
0.677556 0.589766
0.591955 0.204964
0.728229 0.069346
0.81644 0.446535
0.603616 0.531628
0.417871 0.497053
0.211235 0.633682
0.58708 0.575568
0.829599 0.573165
0.857593 0.278877
0.801361 0.00111404
0.562607 0.92952
0.0981607 0.19334
0.758674 0.0448032
0.978436 0.332093
0.277024 0.0173117
0.475116 0.34446
0.075013 0.533332
0.190044 0.592893
0.0981297 0.79353
0.260888 0.726285
0.0594619 0.135135
0.117743 0.338105
0.683882 0.0621491
0.262401 0.917044
0.238711 0.0200651
0.0293866 0.607612
0.776733 0.279303
0.459604 0.969674
0.739699 0.65127
0.592684 0.30005
0.293401 0.742377
0.233476 0.418559
0.34995 0.803461
0.527318 0.266409
0.884899 0.389895
0.758975 0.318025
0.729068 0.238123
0.589347 0.997209
0.130999 0.668024
0.592684 0.455588
0.556377 0.0120882
0.781115 0.973539
0.876882 0.250477
0.764864 0.479741
0.964634 0.922168
0.951244 0.326915
0.44367 0.421182
0.45936 0.652488
0.188277 0.979256
0.0155828 0.58409
0.150881 0.622583
0.0271117 0.471854
0.54166 0.422241
0.463562 0.666881
0.614943 0.104462
0.371842 0.463787
0.835012 0.430246
0.718967 0.565955
0.326097 0.84324
0.914212 0.396091
0.219511 0.916203
0.431507 0.179091
0.749826 0.151954
0.0791734 0.553739
0.742634 0.255986
0.180468 0.943396
0.756724 0.130679
0.208434 0.50872
0.586638 0.657517
0.353336 0.446583
0.314572 0.965733
0.0701901 0.0620209
0.457827 0.900628
0.995121 0.988361
0.989192 0.992361
0.999486 0.00875904
0.0637855 0.967694
0.842878 0.757662
0.531614 0.776546
0.062537 0.893544
0.669975 0.455543
0.551375 0.316171
0.584299 0.686116
0.20017 0.901052
0.428107 0.0378131
0.614279 0.704508
0.405383 0.766816
0.787021 0.748369
0.400651 0.921588
0.725423 0.923585
0.360088 0.149935
0.387472 0.18194
0.312138 0.546245
0.286759 0.107757
0.454368 0.0447257
0.568791 0.691978
0.12622 0.248059
0.982752 0.306785
0.928251 0.766006
0.502711 0.627847
0.273118 0.935388
0.0669533 0.439221
0.172739 0.576338
0.895116 0.0947625
0.742052 0.970176
0.0306739 0.444097
0.506315 0.775256
0.683162 0.301556
0.203991 0.211287
0.416799 0.0236477
0.07679 0.776958
0.0273993 0.253996
0.310821 0.822577
0.761123 0.641786
0.376353 0.582069
0.971498 0.367835
0.586054 0.714503
0.394247 0.560002
0.383736 0.377665
0.794053 0.569046
0.901522 0.782049
0.234461 0.670445
0.331074 0.153593
0.473675 0.842723
0.404983 0.857378
0.951172 0.232344
0.846476 0.00275508
0.497947 0.224416
0.142251 0.808677
0.19568 0.0175794
0.989525 0.329903
0.850812 0.559329
0.401221 0.870895
0.926752 0.312669
0.330996 0.950872
0.222463 0.873121
0.361123 0.816799
0.159369 0.383716
0.654062 0.168717
0.104781 0.732976
0.152887 0.327416
0.212439 0.885895
0.8523 0.511202
0.548345 0.779732
0.728552 0.543807
0.067294 0.193097
0.0192681 0.41508
0.45849 0.959636
0.525605 0.281924
0.330131 0.310837
0.590406 0.725585
0.610359 0.277141
0.688424 0.83889
0.833147 0.876308
0.211723 0.943823
0.986451 0.699889
0.655375 0.106279
0.176413 0.93218
0.519998 0.616537
0.516156 0.234027
0.123787 0.637737
0.0746642 0.0039688
0.503197 0.160059
0.824465 0.390612
0.69177 0.345197
0.581879 0.780298
0.254506 0.662861
0.72752 0.445014
0.689416 0.00186024
0.168272 0.537376
0.0670302 0.393063
0.93556 0.809432
0.58708 0.528987
0.248873 0.356794
0.970462 0.353871
0.710707 0.244126
0.411612 0.0301292
0.717828 0.968303
0.399408 0.581885
0.85022 0.450008
0.300318 0.669766
0.899825 0.694314
0.36988 0.566283
0.577121 0.633969
0.554226 0.210203
0.164721 0.780024
0.31953 0.211435
0.331749 0.574624
0.0286889 0.818182
0.818766 0.844008
0.0475694 0.59277
0.89416 0.298352
0.0535654 0.919624
0.622012 0.213676
0.751784 0.194525
0.648532 0.251315
0.112673 0.97802
0.73491 0.547414
0.693666 0.481654
0.0608206 0.828036
0.373164 0.752286
0.431918 0.0203834
0.861573 0.867738
0.421923 0.61555
0.900113 0.160498
0.536122 0.976677
0.871695 0.695567
0.269971 0.390478
0.36804 0.94389
0.598326 0.0155956
0.327687 0.451219
0.709523 0.18482
0.171328 0.129204
0.742842 0.890233
0.322776 0.822514
0.902074 0.240635
0.0773506 0.577772
0.0986265 0.340459
0.854945 0.73415
0.176973 0.00918329
0.46672 0.349256
0.566497 0.0974638
0.93019 0.455091
0.899854 0.163546
0.748094 0.410025
0.147487 0.220519
0.856824 0.546083
0.224731 0.737383
0.644081 0.793987
0.401739 0.985167
0.479388 0.527085
0.159072 0.533065
0.538009 0.299481
0.0447841 0.241175
0.506919 0.17943
0.0550248 0.614776
0.737218 0.448911
0.571208 0.240009
0.148628 0.377306
0.0132516 0.773602
0.6855 0.967759
0.550568 0.775468
0.617613 0.224993
0.506976 0.118753
0.30259 0.422008
0.821357 0.826132
0.15899 0.292758
0.649665 0.0731155
0.260843 0.302829
0.649014 0.915768
0.157765 0.547594
0.690743 0.594944
0.630572 0.156373
0.577797 0.205663
0.298526 0.0755381
0.860514 0.0186974
0.555788 0.944409
0.543824 0.930452
0.0458918 0.294574
0.249064 0.330188
0.280439 0.286966
0.296703 0.680059
0.894516 0.391834
0.062537 0.964827
0.701886 0.189821
0.337057 0.115914
0.539533 0.192562
0.0381267 0.376473
0.121563 0.370518
0.0781264 0.783667
0.0608206 0.282683
0.14759 0.348749
0.684452 0.458052
0.901844 0.377648
0.338193 0.388222
0.887865 0.483415
0.228639 0.354534
0.841381 0.0770188
0.514803 0.431669
0.838478 0.110598
0.327181 0.94637
0.801361 0.570786
0.660621 0.917874
0.798706 0.919066
0.247143 0.227617
0.321067 0.261323
0.820092 0.902341
0.268373 0.341643
0.475481 0.0911436
0.611781 0.0123519
0.261373 0.413709
0.924027 0.361776
